0.0000 1.0000 5.0000 3.0000 8.0000 1.0000 7.0000 3.0000 0.0000 
1.0000 9.0000 1.0000 0.0000 5.0000 6.0000 1.0000 4.0000 0.0000 
7.0000 5.0000 8.0000 9.0000 5.0000 4.0000 8.0000 7.0000 9.0000 
6.0000 2.0000 8.0000 3.0000 6.0000 0.0000 2.0000 5.0000 8.0000 
4.0000 7.0000 4.0000 7.0000 5.0000 7.0000 5.0000 1.0000 4.0000 
5.0000 7.0000 1.0000 4.0000 6.0000 1.0000 1.0000 6.0000 4.0000 
9.0000 1.0000 8.0000 1.0000 8.0000 1.0000 7.0000 2.0000 6.0000 
7.0000 1.0000 8.0000 5.0000 4.0000 9.0000 5.0000 4.0000 8.0000 
4.0000 9.0000 7.0000 1.0000 8.0000 5.0000 0.0000 5.0000 5.0000 
5.0000 8.0000 4.0000 8.0000 7.0000 8.0000 5.0000 0.0000 3.0000 
1.0000 4.0000 0.0000 3.0000 5.0000 6.0000 6.0000 3.0000 6.0000 
8.0000 3.0000 7.0000 9.0000 1.0000 2.0000 2.0000 8.0000 9.0000 
3.0000 2.0000 0.0000 0.0000 0.0000 9.0000 2.0000 6.0000 7.0000 
2.0000 4.0000 9.0000 1.0000 3.0000 6.0000 3.0000 2.0000 8.0000 
9.0000 3.0000 6.0000 0.0000 5.0000 9.0000 9.0000 3.0000 0.0000 
6.0000 8.0000 5.0000 1.0000 4.0000 5.0000 4.0000 5.0000 7.0000 
4.0000 3.0000 0.0000 6.0000 1.0000 9.0000 3.0000 3.0000 3.0000 
2.0000 2.0000 5.0000 7.0000 3.0000 8.0000 9.0000 0.0000 1.0000 
129.0000 125.0000 148.0000 81.0000 70.0000 162.0000 92.0000 124.0000 194.0000 
108.0000 105.0000 97.0000 74.0000 106.0000 189.0000 146.0000 80.0000 125.0000 
271.0000 253.0000 238.0000 261.0000 183.0000 424.0000 284.0000 216.0000 312.0000 
165.0000 157.0000 184.0000 220.0000 115.0000 258.0000 177.0000 125.0000 208.0000 
195.0000 178.0000 176.0000 133.0000 150.0000 304.0000 221.0000 154.0000 221.0000 
111.0000 140.0000 112.0000 141.0000 116.0000 256.0000 162.0000 91.0000 171.0000 
200.0000 211.0000 235.0000 216.0000 153.0000 261.0000 190.0000 133.0000 237.0000 
266.0000 205.0000 239.0000 220.0000 167.0000 353.0000 264.0000 169.0000 221.0000 
179.0000 163.0000 192.0000 195.0000 149.0000 287.0000 219.0000 135.0000 220.0000 
